R5M=0
R1H=0
R1D=0
FRGU_SERVICE_STATUS=0
FRGU_SERVICE=2889051
LAST_DATA_CHECK_SERVICE=2022-10-19 23:04:48.979424
FRGU_ORGANIZATION_STATUS=0
FRGU_ORGANIZATION=2889051
LAST_DATA_CHECK_ORGANIZATION=2022-10-20 23:06:09.385086